0 -1.500000 -1.500000 0.500000 1.000000 0.000000 0.000000 0.000000
1 -1.498793 -1.499676 0.500000 1.000000 0.000000 0.000000 0.000000
2 -1.497585 -1.499353 0.500000 1.000000 0.000000 0.000000 0.000000
3 -1.496378 -1.499029 0.500000 1.000000 0.000000 0.000000 0.000000
4 -1.495170 -1.498706 0.500000 1.000000 0.000000 0.000000 0.000000
5 -1.493963 -1.498382 0.500000 1.000000 0.000000 0.000000 0.000000
6 -1.492756 -1.498059 0.500000 1.000000 0.000000 0.000000 0.000000
7 -1.491548 -1.497735 0.500000 1.000000 0.000000 0.000000 0.000000
8 -1.490341 -1.497412 0.500000 1.000000 0.000000 0.000000 0.000000
9 -1.489133 -1.497088 0.500000 1.000000 0.000000 0.000000 0.000000
10 -1.487926 -1.496765 0.500000 1.000000 0.000000 0.000000 0.000000
11 -1.486719 -1.496441 0.500000 1.000000 0.000000 0.000000 0.000000
12 -1.485511 -1.496118 0.500000 1.000000 0.000000 0.000000 0.000000
13 -1.484304 -1.495794 0.500000 1.000000 0.000000 0.000000 0.000000
14 -1.483096 -1.495471 0.500000 1.000000 0.000000 0.000000 0.000000
15 -1.481889 -1.495147 0.500000 1.000000 0.000000 0.000000 0.000000
16 -1.480681 -1.494824 0.500000 1.000000 0.000000 0.000000 0.000000
17 -1.479474 -1.494500 0.500000 1.000000 0.000000 0.000000 0.000000
18 -1.478267 -1.494177 0.500000 1.000000 0.000000 0.000000 0.000000
19 -1.477059 -1.493853 0.500000 1.000000 0.000000 0.000000 0.000000
20 -1.475852 -1.493530 0.500000 1.000000 0.000000 0.000000 0.000000
21 -1.474644 -1.493206 0.500000 1.000000 0.000000 0.000000 0.000000
22 -1.473437 -1.492882 0.500000 1.000000 0.000000 0.000000 0.000000
23 -1.472230 -1.492559 0.500000 1.000000 0.000000 0.000000 0.000000
24 -1.471022 -1.492235 0.500000 1.000000 0.000000 0.000000 0.000000
25 -1.469815 -1.491912 0.500000 1.000000 0.000000 0.000000 0.000000
26 -1.468607 -1.491588 0.500000 1.000000 0.000000 0.000000 0.000000
27 -1.467400 -1.491265 0.500000 1.000000 0.000000 0.000000 0.000000
28 -1.466193 -1.490941 0.500000 1.000000 0.000000 0.000000 0.000000
29 -1.464985 -1.490618 0.500000 1.000000 0.000000 0.000000 0.000000
30 -1.463778 -1.490294 0.500000 1.000000 0.000000 0.000000 0.000000
31 -1.462570 -1.489971 0.500000 1.000000 0.000000 0.000000 0.000000
32 -1.461363 -1.489647 0.500000 1.000000 0.000000 0.000000 0.000000
33 -1.460156 -1.489324 0.500000 1.000000 0.000000 0.000000 0.000000
34 -1.458948 -1.489000 0.500000 1.000000 0.000000 0.000000 0.000000
35 -1.457741 -1.488677 0.500000 1.000000 0.000000 0.000000 0.000000
36 -1.456533 -1.488353 0.500000 1.000000 0.000000 0.000000 0.000000
37 -1.455326 -1.488030 0.500000 1.000000 0.000000 0.000000 0.000000
38 -1.454119 -1.487706 0.500000 1.000000 0.000000 0.000000 0.000000
39 -1.452911 -1.487383 0.500000 1.000000 0.000000 0.000000 0.000000
40 -1.451704 -1.487059 0.500000 1.000000 0.000000 0.000000 0.000000
41 -1.450496 -1.486736 0.500000 1.000000 0.000000 0.000000 0.000000
42 -1.449289 -1.486412 0.500000 1.000000 0.000000 0.000000 0.000000
43 -1.448081 -1.486088 0.500000 1.000000 0.000000 0.000000 0.000000
44 -1.446874 -1.485765 0.500000 1.000000 0.000000 0.000000 0.000000
45 -1.445667 -1.485441 0.500000 1.000000 0.000000 0.000000 0.000000
46 -1.444459 -1.485118 0.500000 1.000000 0.000000 0.000000 0.000000
47 -1.443252 -1.484794 0.500000 1.000000 0.000000 0.000000 0.000000
48 -1.442044 -1.484471 0.500000 1.000000 0.000000 0.000000 0.000000
49 -1.440837 -1.484147 0.500000 1.000000 0.000000 0.000000 0.000000
50 -1.439630 -1.483824 0.500000 1.000000 0.000000 0.000000 0.000000
51 -1.438422 -1.483500 0.500000 1.000000 0.000000 0.000000 0.000000
52 -1.437215 -1.483177 0.500000 1.000000 0.000000 0.000000 0.000000
53 -1.436007 -1.482853 0.500000 1.000000 0.000000 0.000000 0.000000
54 -1.434800 -1.482530 0.500000 1.000000 0.000000 0.000000 0.000000
55 -1.433593 -1.482206 0.500000 1.000000 0.000000 0.000000 0.000000
56 -1.432385 -1.481883 0.500000 1.000000 0.000000 0.000000 0.000000
57 -1.431178 -1.481559 0.500000 1.000000 0.000000 0.000000 0.000000
58 -1.429970 -1.481236 0.500000 1.000000 0.000000 0.000000 0.000000
59 -1.428763 -1.480912 0.500000 1.000000 0.000000 0.000000 0.000000
60 -1.427556 -1.480589 0.500000 1.000000 0.000000 0.000000 0.000000
61 -1.426348 -1.480265 0.500000 1.000000 0.000000 0.000000 0.000000
62 -1.425141 -1.479942 0.500000 1.000000 0.000000 0.000000 0.000000
63 -1.423933 -1.479618 0.500000 1.000000 0.000000 0.000000 0.000000
64 -1.422726 -1.479294 0.500000 1.000000 0.000000 0.000000 0.000000
65 -1.421519 -1.478971 0.500000 1.000000 0.000000 0.000000 0.000000
66 -1.420311 -1.478647 0.500000 1.000000 0.000000 0.000000 0.000000
67 -1.419104 -1.478324 0.500000 1.000000 0.000000 0.000000 0.000000
68 -1.417896 -1.478000 0.500000 1.000000 0.000000 0.000000 0.000000
69 -1.416689 -1.477677 0.500000 1.000000 0.000000 0.000000 0.000000
70 -1.415481 -1.477353 0.500000 1.000000 0.000000 0.000000 0.000000
71 -1.414274 -1.477030 0.500000 1.000000 0.000000 0.000000 0.000000
72 -1.413067 -1.476706 0.500000 1.000000 0.000000 0.000000 0.000000
73 -1.411859 -1.476383 0.500000 1.000000 0.000000 0.000000 0.000000
74 -1.410652 -1.476059 0.500000 1.000000 0.000000 0.000000 0.000000
75 -1.409444 -1.475736 0.500000 1.000000 0.000000 0.000000 0.000000
76 -1.408237 -1.475412 0.500000 1.000000 0.000000 0.000000 0.000000
77 -1.407030 -1.475089 0.500000 1.000000 0.000000 0.000000 0.000000
78 -1.405822 -1.474765 0.500000 1.000000 0.000000 0.000000 0.000000
79 -1.404615 -1.474442 0.500000 1.000000 0.000000 0.000000 0.000000
80 -1.403407 -1.474118 0.500000 1.000000 0.000000 0.000000 0.000000
81 -1.402200 -1.473795 0.500000 1.000000 0.000000 0.000000 0.000000
82 -1.400993 -1.473471 0.500000 1.000000 0.000000 0.000000 0.000000
83 -1.399785 -1.473148 0.500000 1.000000 0.000000 0.000000 0.000000
84 -1.398578 -1.472824 0.500000 1.000000 0.000000 0.000000 0.000000
85 -1.397370 -1.472500 0.500000 1.000000 0.000000 0.000000 0.000000
86 -1.396163 -1.472177 0.500000 1.000000 0.000000 0.000000 0.000000
87 -1.394956 -1.471853 0.500000 1.000000 0.000000 0.000000 0.000000
88 -1.393748 -1.471530 0.500000 1.000000 0.000000 0.000000 0.000000
89 -1.392541 -1.471206 0.500000 1.000000 0.000000 0.000000 0.000000
90 -1.391333 -1.470883 0.500000 1.000000 0.000000 0.000000 0.000000
91 -1.390126 -1.470559 0.500000 1.000000 0.000000 0.000000 0.000000
92 -1.388919 -1.470236 0.500000 1.000000 0.000000 0.000000 0.000000
93 -1.387711 -1.469912 0.500000 1.000000 0.000000 0.000000 0.000000
94 -1.386504 -1.469589 0.500000 1.000000 0.000000 0.000000 0.000000
95 -1.385296 -1.469265 0.500000 1.000000 0.000000 0.000000 0.000000
96 -1.384089 -1.468942 0.500000 1.000000 0.000000 0.000000 0.000000
97 -1.382881 -1.468618 0.500000 1.000000 0.000000 0.000000 0.000000
98 -1.381674 -1.468295 0.500000 1.000000 0.000000 0.000000 0.000000
99 -1.380467 -1.467971 0.500000 1.000000 0.000000 0.000000 0.000000
100 -1.379259 -1.467648 0.500000 1.000000 0.000000 0.000000 0.000000
101 -1.378052 -1.467324 0.500000 1.000000 0.000000 0.000000 0.000000
102 -1.376844 -1.467001 0.500000 1.000000 0.000000 0.000000 0.000000
103 -1.375637 -1.466677 0.500000 1.000000 0.000000 0.000000 0.000000
104 -1.374430 -1.466354 0.500000 1.000000 0.000000 0.000000 0.000000
105 -1.373222 -1.466030 0.500000 1.000000 0.000000 0.000000 0.000000
106 -1.372015 -1.465706 0.500000 1.000000 0.000000 0.000000 0.000000
107 -1.370807 -1.465383 0.500000 1.000000 0.000000 0.000000 0.000000
108 -1.369600 -1.465059 0.500000 1.000000 0.000000 0.000000 0.000000
109 -1.368393 -1.464736 0.500000 1.000000 0.000000 0.000000 0.000000
110 -1.367185 -1.464412 0.500000 1.000000 0.000000 0.000000 0.000000
111 -1.365978 -1.464089 0.500000 1.000000 0.000000 0.000000 0.000000
112 -1.364770 -1.463765 0.500000 1.000000 0.000000 0.000000 0.000000
113 -1.363563 -1.463442 0.500000 1.000000 0.000000 0.000000 0.000000
114 -1.362356 -1.463118 0.500000 1.000000 0.000000 0.000000 0.000000
115 -1.361148 -1.462795 0.500000 1.000000 0.000000 0.000000 0.000000
116 -1.359941 -1.462471 0.500000 1.000000 0.000000 0.000000 0.000000
117 -1.358733 -1.462148 0.500000 1.000000 0.000000 0.000000 0.000000
118 -1.357526 -1.461824 0.500000 1.000000 0.000000 0.000000 0.000000
119 -1.356319 -1.461501 0.500000 1.000000 0.000000 0.000000 0.000000
120 -1.355111 -1.461177 0.500000 1.000000 0.000000 0.000000 0.000000
121 -1.353904 -1.460854 0.500000 1.000000 0.000000 0.000000 0.000000
122 -1.352696 -1.460530 0.500000 1.000000 0.000000 0.000000 0.000000
123 -1.351489 -1.460207 0.500000 1.000000 0.000000 0.000000 0.000000
124 -1.350281 -1.459883 0.500000 1.000000 0.000000 0.000000 0.000000
125 -1.349074 -1.459560 0.500000 1.000000 0.000000 0.000000 0.000000
126 -1.347867 -1.459236 0.500000 1.000000 0.000000 0.000000 0.000000
127 -1.346659 -1.458912 0.500000 1.000000 0.000000 0.000000 0.000000
128 -1.345452 -1.458589 0.500000 1.000000 0.000000 0.000000 0.000000
129 -1.344244 -1.458265 0.500000 1.000000 0.000000 0.000000 0.000000
130 -1.343037 -1.457942 0.500000 1.000000 0.000000 0.000000 0.000000
131 -1.341830 -1.457618 0.500000 1.000000 0.000000 0.000000 0.000000
132 -1.340622 -1.457295 0.500000 1.000000 0.000000 0.000000 0.000000
133 -1.339415 -1.456971 0.500000 1.000000 0.000000 0.000000 0.000000
134 -1.338207 -1.456648 0.500000 1.000000 0.000000 0.000000 0.000000
135 -1.337000 -1.456324 0.500000 1.000000 0.000000 0.000000 0.000000
136 -1.335793 -1.456001 0.500000 1.000000 0.000000 0.000000 0.000000
137 -1.334585 -1.455677 0.500000 1.000000 0.000000 0.000000 0.000000
138 -1.333378 -1.455354 0.500000 1.000000 0.000000 0.000000 0.000000
139 -1.332170 -1.455030 0.500000 1.000000 0.000000 0.000000 0.000000
140 -1.330963 -1.454707 0.500000 1.000000 0.000000 0.000000 0.000000
141 -1.329756 -1.454383 0.500000 1.000000 0.000000 0.000000 0.000000
142 -1.328548 -1.454060 0.500000 1.000000 0.000000 0.000000 0.000000
143 -1.327341 -1.453736 0.500000 1.000000 0.000000 0.000000 0.000000
144 -1.326133 -1.453413 0.500000 1.000000 0.000000 0.000000 0.000000
145 -1.324926 -1.453089 0.500000 1.000000 0.000000 0.000000 0.000000
146 -1.323719 -1.452766 0.500000 1.000000 0.000000 0.000000 0.000000
147 -1.322511 -1.452442 0.500000 1.000000 0.000000 0.000000 0.000000
148 -1.321304 -1.452118 0.500000 1.000000 0.000000 0.000000 0.000000
149 -1.320096 -1.451795 0.500000 1.000000 0.000000 0.000000 0.000000
150 -1.318889 -1.451471 0.500000 1.000000 0.000000 0.000000 0.000000
151 -1.317682 -1.451148 0.500000 1.000000 0.000000 0.000000 0.000000
152 -1.316474 -1.450824 0.500000 1.000000 0.000000 0.000000 0.000000
153 -1.315267 -1.450501 0.500000 1.000000 0.000000 0.000000 0.000000
154 -1.314059 -1.450177 0.500000 1.000000 0.000000 0.000000 0.000000
155 -1.312852 -1.449854 0.500000 1.000000 0.000000 0.000000 0.000000
156 -1.311644 -1.449530 0.500000 1.000000 0.000000 0.000000 0.000000
157 -1.310437 -1.449207 0.500000 1.000000 0.000000 0.000000 0.000000
158 -1.309230 -1.448883 0.500000 1.000000 0.000000 0.000000 0.000000
159 -1.308022 -1.448560 0.500000 1.000000 0.000000 0.000000 0.000000
160 -1.306815 -1.448236 0.500000 1.000000 0.000000 0.000000 0.000000
161 -1.305607 -1.447913 0.500000 1.000000 0.000000 0.000000 0.000000
162 -1.304400 -1.447589 0.500000 1.000000 0.000000 0.000000 0.000000
163 -1.303193 -1.447266 0.500000 1.000000 0.000000 0.000000 0.000000
164 -1.301985 -1.446942 0.500000 1.000000 0.000000 0.000000 0.000000
165 -1.300778 -1.446619 0.500000 1.000000 0.000000 0.000000 0.000000
166 -1.299570 -1.446295 0.500000 1.000000 0.000000 0.000000 0.000000
167 -1.298363 -1.445972 0.500000 1.000000 0.000000 0.000000 0.000000
168 -1.297156 -1.445648 0.500000 1.000000 0.000000 0.000000 0.000000
169 -1.295948 -1.445324 0.500000 1.000000 0.000000 0.000000 0.000000
170 -1.294741 -1.445001 0.500000 1.000000 0.000000 0.000000 0.000000
171 -1.293533 -1.444677 0.500000 1.000000 0.000000 0.000000 0.000000
172 -1.292326 -1.444354 0.500000 1.000000 0.000000 0.000000 0.000000
173 -1.291119 -1.444030 0.500000 1.000000 0.000000 0.000000 0.000000
174 -1.289911 -1.443707 0.500000 1.000000 0.000000 0.000000 0.000000
175 -1.288704 -1.443383 0.500000 1.000000 0.000000 0.000000 0.000000
176 -1.287496 -1.443060 0.500000 1.000000 0.000000 0.000000 0.000000
177 -1.286289 -1.442736 0.500000 1.000000 0.000000 0.000000 0.000000
178 -1.285082 -1.442413 0.500000 1.000000 0.000000 0.000000 0.000000
179 -1.283874 -1.442089 0.500000 1.000000 0.000000 0.000000 0.000000
180 -1.282667 -1.441766 0.500000 1.000000 0.000000 0.000000 0.000000
181 -1.281459 -1.441442 0.500000 1.000000 0.000000 0.000000 0.000000
182 -1.280252 -1.441119 0.500000 1.000000 0.000000 0.000000 0.000000
183 -1.279044 -1.440795 0.500000 1.000000 0.000000 0.000000 0.000000
184 -1.277837 -1.440472 0.500000 1.000000 0.000000 0.000000 0.000000
185 -1.276630 -1.440148 0.500000 1.000000 0.000000 0.000000 0.000000
186 -1.275422 -1.439825 0.500000 1.000000 0.000000 0.000000 0.000000
187 -1.274215 -1.439501 0.500000 1.000000 0.000000 0.000000 0.000000
188 -1.273007 -1.439178 0.500000 1.000000 0.000000 0.000000 0.000000
189 -1.271800 -1.438854 0.500000 1.000000 0.000000 0.000000 0.000000
190 -1.270593 -1.438530 0.500000 1.000000 0.000000 0.000000 0.000000
191 -1.269385 -1.438207 0.500000 1.000000 0.000000 0.000000 0.000000
192 -1.268178 -1.437883 0.500000 1.000000 0.000000 0.000000 0.000000
193 -1.266970 -1.437560 0.500000 1.000000 0.000000 0.000000 0.000000
194 -1.265763 -1.437236 0.500000 1.000000 0.000000 0.000000 0.000000
195 -1.264556 -1.436913 0.500000 1.000000 0.000000 0.000000 0.000000
196 -1.263348 -1.436589 0.500000 1.000000 0.000000 0.000000 0.000000
197 -1.262141 -1.436266 0.500000 1.000000 0.000000 0.000000 0.000000
198 -1.260933 -1.435942 0.500000 1.000000 0.000000 0.000000 0.000000
199 -1.259726 -1.435619 0.500000 1.000000 0.000000 0.000000 0.000000
200 -1.258519 -1.435295 0.500000 1.000000 0.000000 0.000000 0.000000
201 -1.257311 -1.434972 0.500000 1.000000 0.000000 0.000000 0.000000
202 -1.256104 -1.434648 0.500000 1.000000 0.000000 0.000000 0.000000
203 -1.254896 -1.434325 0.500000 1.000000 0.000000 0.000000 0.000000
204 -1.253689 -1.434001 0.500000 1.000000 0.000000 0.000000 0.000000
205 -1.252482 -1.433678 0.500000 1.000000 0.000000 0.000000 0.000000
206 -1.251274 -1.433354 0.500000 1.000000 0.000000 0.000000 0.000000
207 -1.250067 -1.433031 0.500000 1.000000 0.000000 0.000000 0.000000
208 -1.248859 -1.432707 0.500000 1.000000 0.000000 0.000000 0.000000
209 -1.247652 -1.432384 0.500000 1.000000 0.000000 0.000000 0.000000
210 -1.246444 -1.432060 0.500000 1.000000 0.000000 0.000000 0.000000
211 -1.245237 -1.431736 0.500000 1.000000 0.000000 0.000000 0.000000
212 -1.244030 -1.431413 0.500000 1.000000 0.000000 0.000000 0.000000
213 -1.242822 -1.431089 0.500000 1.000000 0.000000 0.000000 0.000000
214 -1.241615 -1.430766 0.500000 1.000000 0.000000 0.000000 0.000000
215 -1.240407 -1.430442 0.500000 1.000000 0.000000 0.000000 0.000000
216 -1.239200 -1.430119 0.500000 1.000000 0.000000 0.000000 0.000000
217 -1.237993 -1.429795 0.500000 1.000000 0.000000 0.000000 0.000000
218 -1.236785 -1.429472 0.500000 1.000000 0.000000 0.000000 0.000000
219 -1.235578 -1.429148 0.500000 1.000000 0.000000 0.000000 0.000000
220 -1.234370 -1.428825 0.500000 1.000000 0.000000 0.000000 0.000000
221 -1.233163 -1.428501 0.500000 1.000000 0.000000 0.000000 0.000000
222 -1.231956 -1.428178 0.500000 1.000000 0.000000 0.000000 0.000000
223 -1.230748 -1.427854 0.500000 1.000000 0.000000 0.000000 0.000000
224 -1.229541 -1.427531 0.500000 1.000000 0.000000 0.000000 0.000000
225 -1.228333 -1.427207 0.500000 1.000000 0.000000 0.000000 0.000000
226 -1.227126 -1.426884 0.500000 1.000000 0.000000 0.000000 0.000000
227 -1.225919 -1.426560 0.500000 1.000000 0.000000 0.000000 0.000000
228 -1.224711 -1.426237 0.500000 1.000000 0.000000 0.000000 0.000000
229 -1.223504 -1.425913 0.500000 1.000000 0.000000 0.000000 0.000000
230 -1.222296 -1.425590 0.500000 1.000000 0.000000 0.000000 0.000000
231 -1.221089 -1.425266 0.500000 1.000000 0.000000 0.000000 0.000000
232 -1.219882 -1.424942 0.500000 1.000000 0.000000 0.000000 0.000000
233 -1.218674 -1.424619 0.500000 1.000000 0.000000 0.000000 0.000000
234 -1.217467 -1.424295 0.500000 1.000000 0.000000 0.000000 0.000000
235 -1.216259 -1.423972 0.500000 1.000000 0.000000 0.000000 0.000000
236 -1.215052 -1.423648 0.500000 1.000000 0.000000 0.000000 0.000000
237 -1.213844 -1.423325 0.500000 1.000000 0.000000 0.000000 0.000000
238 -1.212637 -1.423001 0.500000 1.000000 0.000000 0.000000 0.000000
239 -1.211430 -1.422678 0.500000 1.000000 0.000000 0.000000 0.000000
240 -1.210222 -1.422354 0.500000 1.000000 0.000000 0.000000 0.000000
241 -1.209015 -1.422031 0.500000 1.000000 0.000000 0.000000 0.000000
242 -1.207807 -1.421707 0.500000 1.000000 0.000000 0.000000 0.000000
243 -1.206600 -1.421384 0.500000 1.000000 0.000000 0.000000 0.000000
244 -1.205393 -1.421060 0.500000 1.000000 0.000000 0.000000 0.000000
245 -1.204185 -1.420737 0.500000 1.000000 0.000000 0.000000 0.000000
246 -1.202978 -1.420413 0.500000 1.000000 0.000000 0.000000 0.000000
247 -1.201770 -1.420090 0.500000 1.000000 0.000000 0.000000 0.000000
248 -1.200563 -1.419766 0.500000 1.000000 0.000000 0.000000 0.000000
249 -1.199356 -1.419443 0.500000 1.000000 0.000000 0.000000 0.000000
250 -1.198148 -1.419119 0.500000 1.000000 0.000000 0.000000 0.000000
251 -1.196941 -1.418796 0.500000 1.000000 0.000000 0.000000 0.000000
252 -1.195733 -1.418472 0.500000 1.000000 0.000000 0.000000 0.000000
253 -1.194526 -1.418148 0.500000 1.000000 0.000000 0.000000 0.000000
254 -1.193319 -1.417825 0.500000 1.000000 0.000000 0.000000 0.000000
255 -1.192111 -1.417501 0.500000 1.000000 0.000000 0.000000 0.000000
256 -1.190904 -1.417178 0.500000 1.000000 0.000000 0.000000 0.000000
257 -1.189696 -1.416854 0.500000 1.000000 0.000000 0.000000 0.000000
258 -1.188489 -1.416531 0.500000 1.000000 0.000000 0.000000 0.000000
259 -1.187282 -1.416207 0.500000 1.000000 0.000000 0.000000 0.000000
260 -1.186074 -1.415884 0.500000 1.000000 0.000000 0.000000 0.000000
261 -1.184867 -1.415560 0.500000 1.000000 0.000000 0.000000 0.000000
262 -1.183659 -1.415237 0.500000 1.000000 0.000000 0.000000 0.000000
263 -1.182452 -1.414913 0.500000 1.000000 0.000000 0.000000 0.000000
264 -1.181244 -1.414590 0.500000 1.000000 0.000000 0.000000 0.000000
265 -1.180037 -1.414266 0.500000 1.000000 0.000000 0.000000 0.000000
266 -1.178830 -1.413943 0.500000 1.000000 0.000000 0.000000 0.000000
267 -1.177622 -1.413619 0.500000 1.000000 0.000000 0.000000 0.000000
268 -1.176415 -1.413296 0.500000 1.000000 0.000000 0.000000 0.000000
269 -1.175207 -1.412972 0.500000 1.000000 0.000000 0.000000 0.000000
270 -1.174000 -1.412649 0.500000 1.000000 0.000000 0.000000 0.000000
271 -1.172793 -1.412325 0.500000 1.000000 0.000000 0.000000 0.000000
272 -1.171585 -1.412002 0.500000 1.000000 0.000000 0.000000 0.000000
273 -1.170378 -1.411678 0.500000 1.000000 0.000000 0.000000 0.000000
274 -1.169170 -1.411354 0.500000 1.000000 0.000000 0.000000 0.000000
275 -1.167963 -1.411031 0.500000 1.000000 0.000000 0.000000 0.000000
276 -1.166756 -1.410707 0.500000 1.000000 0.000000 0.000000 0.000000
277 -1.165548 -1.410384 0.500000 1.000000 0.000000 0.000000 0.000000
278 -1.164341 -1.410060 0.500000 1.000000 0.000000 0.000000 0.000000
279 -1.163133 -1.409737 0.500000 1.000000 0.000000 0.000000 0.000000
280 -1.161926 -1.409413 0.500000 1.000000 0.000000 0.000000 0.000000
281 -1.160719 -1.409090 0.500000 1.000000 0.000000 0.000000 0.000000
282 -1.159511 -1.408766 0.500000 1.000000 0.000000 0.000000 0.000000
283 -1.158304 -1.408443 0.500000 1.000000 0.000000 0.000000 0.000000
284 -1.157096 -1.408119 0.500000 1.000000 0.000000 0.000000 0.000000
285 -1.155889 -1.407796 0.500000 1.000000 0.000000 0.000000 0.000000
286 -1.154682 -1.407472 0.500000 1.000000 0.000000 0.000000 0.000000
287 -1.153474 -1.407149 0.500000 1.000000 0.000000 0.000000 0.000000
288 -1.152267 -1.406825 0.500000 1.000000 0.000000 0.000000 0.000000
289 -1.151059 -1.406502 0.500000 1.000000 0.000000 0.000000 0.000000
290 -1.149852 -1.406178 0.500000 1.000000 0.000000 0.000000 0.000000
291 -1.148644 -1.405855 0.500000 1.000000 0.000000 0.000000 0.000000
292 -1.147437 -1.405531 0.500000 1.000000 0.000000 0.000000 0.000000
293 -1.146230 -1.405208 0.500000 1.000000 0.000000 0.000000 0.000000
294 -1.145022 -1.404884 0.500000 1.000000 0.000000 0.000000 0.000000
295 -1.143815 -1.404560 0.500000 1.000000 0.000000 0.000000 0.000000
296 -1.142607 -1.404237 0.500000 1.000000 0.000000 0.000000 0.000000
297 -1.141400 -1.403913 0.500000 1.000000 0.000000 0.000000 0.000000
298 -1.140193 -1.403590 0.500000 1.000000 0.000000 0.000000 0.000000
299 -1.138985 -1.403266 0.500000 1.000000 0.000000 0.000000 0.000000
300 -1.137778 -1.402943 0.500000 1.000000 0.000000 0.000000 0.000000
301 -1.136570 -1.402619 0.500000 1.000000 0.000000 0.000000 0.000000
302 -1.135363 -1.402296 0.500000 1.000000 0.000000 0.000000 0.000000
303 -1.134156 -1.401972 0.500000 1.000000 0.000000 0.000000 0.000000
304 -1.132948 -1.401649 0.500000 1.000000 0.000000 0.000000 0.000000
305 -1.131741 -1.401325 0.500000 1.000000 0.000000 0.000000 0.000000
306 -1.130533 -1.401002 0.500000 1.000000 0.000000 0.000000 0.000000
307 -1.129326 -1.400678 0.500000 1.000000 0.000000 0.000000 0.000000
308 -1.128119 -1.400355 0.500000 1.000000 0.000000 0.000000 0.000000
309 -1.126911 -1.400031 0.500000 1.000000 0.000000 0.000000 0.000000
310 -1.125704 -1.399708 0.500000 1.000000 0.000000 0.000000 0.000000
311 -1.124496 -1.399384 0.500000 1.000000 0.000000 0.000000 0.000000
312 -1.123289 -1.399061 0.500000 1.000000 0.000000 0.000000 0.000000
313 -1.122082 -1.398737 0.500000 1.000000 0.000000 0.000000 0.000000
314 -1.120874 -1.398414 0.500000 1.000000 0.000000 0.000000 0.000000
315 -1.119667 -1.398090 0.500000 1.000000 0.000000 0.000000 0.000000
316 -1.118459 -1.397766 0.500000 1.000000 0.000000 0.000000 0.000000
317 -1.117252 -1.397443 0.500000 1.000000 0.000000 0.000000 0.000000
318 -1.116044 -1.397119 0.500000 1.000000 0.000000 0.000000 0.000000
319 -1.114837 -1.396796 0.500000 1.000000 0.000000 0.000000 0.000000
320 -1.113630 -1.396472 0.500000 1.000000 0.000000 0.000000 0.000000
321 -1.112422 -1.396149 0.500000 1.000000 0.000000 0.000000 0.000000
322 -1.111215 -1.395825 0.500000 1.000000 0.000000 0.000000 0.000000
323 -1.110007 -1.395502 0.500000 1.000000 0.000000 0.000000 0.000000
324 -1.108800 -1.395178 0.500000 1.000000 0.000000 0.000000 0.000000
325 -1.107593 -1.394855 0.500000 1.000000 0.000000 0.000000 0.000000
326 -1.106385 -1.394531 0.500000 1.000000 0.000000 0.000000 0.000000
327 -1.105178 -1.394208 0.500000 1.000000 0.000000 0.000000 0.000000
328 -1.103970 -1.393884 0.500000 1.000000 0.000000 0.000000 0.000000
329 -1.102763 -1.393561 0.500000 1.000000 0.000000 0.000000 0.000000
330 -1.101556 -1.393237 0.500000 1.000000 0.000000 0.000000 0.000000
331 -1.100348 -1.392914 0.500000 1.000000 0.000000 0.000000 0.000000
332 -1.099141 -1.392590 0.500000 1.000000 0.000000 0.000000 0.000000
333 -1.097933 -1.392267 0.500000 1.000000 0.000000 0.000000 0.000000
334 -1.096726 -1.391943 0.500000 1.000000 0.000000 0.000000 0.000000
335 -1.095519 -1.391620 0.500000 1.000000 0.000000 0.000000 0.000000
336 -1.094311 -1.391296 0.500000 1.000000 0.000000 0.000000 0.000000
337 -1.093104 -1.390972 0.500000 1.000000 0.000000 0.000000 0.000000
338 -1.091896 -1.390649 0.500000 1.000000 0.000000 0.000000 0.000000
339 -1.090689 -1.390325 0.500000 1.000000 0.000000 0.000000 0.000000
340 -1.089482 -1.390002 0.500000 1.000000 0.000000 0.000000 0.000000
341 -1.088274 -1.389678 0.500000 1.000000 0.000000 0.000000 0.000000
342 -1.087067 -1.389355 0.500000 1.000000 0.000000 0.000000 0.000000
343 -1.085859 -1.389031 0.500000 1.000000 0.000000 0.000000 0.000000
344 -1.084652 -1.388708 0.500000 1.000000 0.000000 0.000000 0.000000
345 -1.083444 -1.388384 0.500000 1.000000 0.000000 0.000000 0.000000
346 -1.082237 -1.388061 0.500000 1.000000 0.000000 0.000000 0.000000
347 -1.081030 -1.387737 0.500000 1.000000 0.000000 0.000000 0.000000
348 -1.079822 -1.387414 0.500000 1.000000 0.000000 0.000000 0.000000
349 -1.078615 -1.387090 0.500000 1.000000 0.000000 0.000000 0.000000
350 -1.077407 -1.386767 0.500000 1.000000 0.000000 0.000000 0.000000
351 -1.076200 -1.386443 0.500000 1.000000 0.000000 0.000000 0.000000
352 -1.074993 -1.386120 0.500000 1.000000 0.000000 0.000000 0.000000
353 -1.073785 -1.385796 0.500000 1.000000 0.000000 0.000000 0.000000
354 -1.072578 -1.385473 0.500000 1.000000 0.000000 0.000000 0.000000
355 -1.071370 -1.385149 0.500000 1.000000 0.000000 0.000000 0.000000
356 -1.070163 -1.384826 0.500000 1.000000 0.000000 0.000000 0.000000
357 -1.068956 -1.384502 0.500000 1.000000 0.000000 0.000000 0.000000
358 -1.067748 -1.384178 0.500000 1.000000 0.000000 0.000000 0.000000
359 -1.066541 -1.383855 0.500000 1.000000 0.000000 0.000000 0.000000
360 -1.065333 -1.383531 0.500000 1.000000 0.000000 0.000000 0.000000
361 -1.064126 -1.383208 0.500000 1.000000 0.000000 0.000000 0.000000
362 -1.062919 -1.382884 0.500000 1.000000 0.000000 0.000000 0.000000
363 -1.061711 -1.382561 0.500000 1.000000 0.000000 0.000000 0.000000
364 -1.060504 -1.382237 0.500000 1.000000 0.000000 0.000000 0.000000
365 -1.059296 -1.381914 0.500000 1.000000 0.000000 0.000000 0.000000
366 -1.058089 -1.381590 0.500000 1.000000 0.000000 0.000000 0.000000
367 -1.056882 -1.381267 0.500000 1.000000 0.000000 0.000000 0.000000
368 -1.055674 -1.380943 0.500000 1.000000 0.000000 0.000000 0.000000
369 -1.054467 -1.380620 0.500000 1.000000 0.000000 0.000000 0.000000
370 -1.053259 -1.380296 0.500000 1.000000 0.000000 0.000000 0.000000
371 -1.052052 -1.379973 0.500000 1.000000 0.000000 0.000000 0.000000
372 -1.050844 -1.379649 0.500000 1.000000 0.000000 0.000000 0.000000
373 -1.049637 -1.379326 0.500000 1.000000 0.000000 0.000000 0.000000
374 -1.048430 -1.379002 0.500000 1.000000 0.000000 0.000000 0.000000
375 -1.047222 -1.378679 0.500000 1.000000 0.000000 0.000000 0.000000
376 -1.046015 -1.378355 0.500000 1.000000 0.000000 0.000000 0.000000
377 -1.044807 -1.378032 0.500000 1.000000 0.000000 0.000000 0.000000
378 -1.043600 -1.377708 0.500000 1.000000 0.000000 0.000000 0.000000
379 -1.042393 -1.377384 0.500000 1.000000 0.000000 0.000000 0.000000
380 -1.041185 -1.377061 0.500000 1.000000 0.000000 0.000000 0.000000
381 -1.039978 -1.376737 0.500000 1.000000 0.000000 0.000000 0.000000
382 -1.038770 -1.376414 0.500000 1.000000 0.000000 0.000000 0.000000
383 -1.037563 -1.376090 0.500000 1.000000 0.000000 0.000000 0.000000
384 -1.036356 -1.375767 0.500000 1.000000 0.000000 0.000000 0.000000
385 -1.035148 -1.375443 0.500000 1.000000 0.000000 0.000000 0.000000
386 -1.033941 -1.375120 0.500000 1.000000 0.000000 0.000000 0.000000
387 -1.032733 -1.374796 0.500000 1.000000 0.000000 0.000000 0.000000
388 -1.031526 -1.374473 0.500000 1.000000 0.000000 0.000000 0.000000
389 -1.030319 -1.374149 0.500000 1.000000 0.000000 0.000000 0.000000
390 -1.029111 -1.373826 0.500000 1.000000 0.000000 0.000000 0.000000
391 -1.027904 -1.373502 0.500000 1.000000 0.000000 0.000000 0.000000
392 -1.026696 -1.373179 0.500000 1.000000 0.000000 0.000000 0.000000
393 -1.025489 -1.372855 0.500000 1.000000 0.000000 0.000000 0.000000
394 -1.024282 -1.372532 0.500000 1.000000 0.000000 0.000000 0.000000
395 -1.023074 -1.372208 0.500000 1.000000 0.000000 0.000000 0.000000
396 -1.021867 -1.371885 0.500000 1.000000 0.000000 0.000000 0.000000
397 -1.020659 -1.371561 0.500000 1.000000 0.000000 0.000000 0.000000
398 -1.019452 -1.371238 0.500000 1.000000 0.000000 0.000000 0.000000
399 -1.018244 -1.370914 0.500000 1.000000 0.000000 0.000000 0.000000
400 -1.017037 -1.370590 0.500000 1.000000 0.000000 0.000000 0.000000
401 -1.015830 -1.370267 0.500000 1.000000 0.000000 0.000000 0.000000
402 -1.014622 -1.369943 0.500000 1.000000 0.000000 0.000000 0.000000
403 -1.013415 -1.369620 0.500000 1.000000 0.000000 0.000000 0.000000
404 -1.012207 -1.369296 0.500000 1.000000 0.000000 0.000000 0.000000
405 -1.011000 -1.368973 0.500000 1.000000 0.000000 0.000000 0.000000
406 -1.009793 -1.368649 0.500000 1.000000 0.000000 0.000000 0.000000
407 -1.008585 -1.368326 0.500000 1.000000 0.000000 0.000000 0.000000
408 -1.007378 -1.368002 0.500000 1.000000 0.000000 0.000000 0.000000
409 -1.006170 -1.367679 0.500000 1.000000 0.000000 0.000000 0.000000
410 -1.004963 -1.367355 0.500000 1.000000 0.000000 0.000000 0.000000
411 -1.003756 -1.367032 0.500000 1.000000 0.000000 0.000000 0.000000
412 -1.002548 -1.366708 0.500000 1.000000 0.000000 0.000000 0.000000
413 -1.001341 -1.366385 0.500000 1.000000 0.000000 0.000000 0.000000
414 -1.000133 -1.366061 0.500000 1.000000 0.000000 0.000000 0.000000
415 -0.998926 -1.365738 0.500000 1.000000 0.000000 0.000000 0.000000
416 -0.997719 -1.365414 0.500000 1.000000 0.000000 0.000000 0.000000
417 -0.996511 -1.365091 0.500000 1.000000 0.000000 0.000000 0.000000
418 -0.995304 -1.364767 0.500000 1.000000 0.000000 0.000000 0.000000
419 -0.994096 -1.364444 0.500000 1.000000 0.000000 0.000000 0.000000
420 -0.992889 -1.364120 0.500000 1.000000 0.000000 0.000000 0.000000
421 -0.991682 -1.363796 0.500000 1.000000 0.000000 0.000000 0.000000
422 -0.990474 -1.363473 0.500000 1.000000 0.000000 0.000000 0.000000
423 -0.989267 -1.363149 0.500000 1.000000 0.000000 0.000000 0.000000
424 -0.988059 -1.362826 0.500000 1.000000 0.000000 0.000000 0.000000
425 -0.986852 -1.362502 0.500000 1.000000 0.000000 0.000000 0.000000
426 -0.985644 -1.362179 0.500000 1.000000 0.000000 0.000000 0.000000
427 -0.984437 -1.361855 0.500000 1.000000 0.000000 0.000000 0.000000
428 -0.983230 -1.361532 0.500000 1.000000 0.000000 0.000000 0.000000
429 -0.982022 -1.361208 0.500000 1.000000 0.000000 0.000000 0.000000
430 -0.980815 -1.360885 0.500000 1.000000 0.000000 0.000000 0.000000
431 -0.979607 -1.360561 0.500000 1.000000 0.000000 0.000000 0.000000
432 -0.978400 -1.360238 0.500000 1.000000 0.000000 0.000000 0.000000
433 -0.977193 -1.359914 0.500000 1.000000 0.000000 0.000000 0.000000
434 -0.975985 -1.359591 0.500000 1.000000 0.000000 0.000000 0.000000
435 -0.974778 -1.359267 0.500000 1.000000 0.000000 0.000000 0.000000
436 -0.973570 -1.358944 0.500000 1.000000 0.000000 0.000000 0.000000
437 -0.972363 -1.358620 0.500000 1.000000 0.000000 0.000000 0.000000
438 -0.971156 -1.358297 0.500000 1.000000 0.000000 0.000000 0.000000
439 -0.969948 -1.357973 0.500000 1.000000 0.000000 0.000000 0.000000
440 -0.968741 -1.357650 0.500000 1.000000 0.000000 0.000000 0.000000
441 -0.967533 -1.357326 0.500000 1.000000 0.000000 0.000000 0.000000
442 -0.966326 -1.357002 0.500000 1.000000 0.000000 0.000000 0.000000
443 -0.965119 -1.356679 0.500000 1.000000 0.000000 0.000000 0.000000
444 -0.963911 -1.356355 0.500000 1.000000 0.000000 0.000000 0.000000
445 -0.962704 -1.356032 0.500000 1.000000 0.000000 0.000000 0.000000
446 -0.961496 -1.355708 0.500000 1.000000 0.000000 0.000000 0.000000
447 -0.960289 -1.355385 0.500000 1.000000 0.000000 0.000000 0.000000
448 -0.959082 -1.355061 0.500000 1.000000 0.000000 0.000000 0.000000
449 -0.957874 -1.354738 0.500000 1.000000 0.000000 0.000000 0.000000
450 -0.956667 -1.354414 0.500000 1.000000 0.000000 0.000000 0.000000
451 -0.955459 -1.354091 0.500000 1.000000 0.000000 0.000000 0.000000
452 -0.954252 -1.353767 0.500000 1.000000 0.000000 0.000000 0.000000
453 -0.953045 -1.353444 0.500000 1.000000 0.000000 0.000000 0.000000
454 -0.951837 -1.353120 0.500000 1.000000 0.000000 0.000000 0.000000
455 -0.950630 -1.352797 0.500000 1.000000 0.000000 0.000000 0.000000
456 -0.949422 -1.352473 0.500000 1.000000 0.000000 0.000000 0.000000
457 -0.948215 -1.352150 0.500000 1.000000 0.000000 0.000000 0.000000
458 -0.947007 -1.351826 0.500000 1.000000 0.000000 0.000000 0.000000
459 -0.945800 -1.351503 0.500000 1.000000 0.000000 0.000000 0.000000
460 -0.944593 -1.351179 0.500000 1.000000 0.000000 0.000000 0.000000
461 -0.943385 -1.350856 0.500000 1.000000 0.000000 0.000000 0.000000
462 -0.942178 -1.350532 0.500000 1.000000 0.000000 0.000000 0.000000
463 -0.940970 -1.350208 0.500000 1.000000 0.000000 0.000000 0.000000
464 -0.939763 -1.349885 0.500000 1.000000 0.000000 0.000000 0.000000
465 -0.938556 -1.349561 0.500000 1.000000 0.000000 0.000000 0.000000
466 -0.937348 -1.349238 0.500000 1.000000 0.000000 0.000000 0.000000
467 -0.936141 -1.348914 0.500000 1.000000 0.000000 0.000000 0.000000
468 -0.934933 -1.348591 0.500000 1.000000 0.000000 0.000000 0.000000
469 -0.933726 -1.348267 0.500000 1.000000 0.000000 0.000000 0.000000
470 -0.932519 -1.347944 0.500000 1.000000 0.000000 0.000000 0.000000
471 -0.931311 -1.347620 0.500000 1.000000 0.000000 0.000000 0.000000
472 -0.930104 -1.347297 0.500000 1.000000 0.000000 0.000000 0.000000
473 -0.928896 -1.346973 0.500000 1.000000 0.000000 0.000000 0.000000
474 -0.927689 -1.346650 0.500000 1.000000 0.000000 0.000000 0.000000
475 -0.926482 -1.346326 0.500000 1.000000 0.000000 0.000000 0.000000
476 -0.925274 -1.346003 0.500000 1.000000 0.000000 0.000000 0.000000
477 -0.924067 -1.345679 0.500000 1.000000 0.000000 0.000000 0.000000
478 -0.922859 -1.345356 0.500000 1.000000 0.000000 0.000000 0.000000
479 -0.921652 -1.345032 0.500000 1.000000 0.000000 0.000000 0.000000
480 -0.920445 -1.344709 0.500000 1.000000 0.000000 0.000000 0.000000
481 -0.919237 -1.344385 0.500000 1.000000 0.000000 0.000000 0.000000
482 -0.918030 -1.344062 0.500000 1.000000 0.000000 0.000000 0.000000
483 -0.916822 -1.343738 0.500000 1.000000 0.000000 0.000000 0.000000
484 -0.915615 -1.343414 0.500000 1.000000 0.000000 0.000000 0.000000
485 -0.914407 -1.343091 0.500000 1.000000 0.000000 0.000000 0.000000
486 -0.913200 -1.342767 0.500000 1.000000 0.000000 0.000000 0.000000
487 -0.911993 -1.342444 0.500000 1.000000 0.000000 0.000000 0.000000
488 -0.910785 -1.342120 0.500000 1.000000 0.000000 0.000000 0.000000
489 -0.909578 -1.341797 0.500000 1.000000 0.000000 0.000000 0.000000
490 -0.908370 -1.341473 0.500000 1.000000 0.000000 0.000000 0.000000
491 -0.907163 -1.341150 0.500000 1.000000 0.000000 0.000000 0.000000
492 -0.905956 -1.340826 0.500000 1.000000 0.000000 0.000000 0.000000
493 -0.904748 -1.340503 0.500000 1.000000 0.000000 0.000000 0.000000
494 -0.903541 -1.340179 0.500000 1.000000 0.000000 0.000000 0.000000
495 -0.902333 -1.339856 0.500000 1.000000 0.000000 0.000000 0.000000
496 -0.901126 -1.339532 0.500000 1.000000 0.000000 0.000000 0.000000
497 -0.899919 -1.339209 0.500000 1.000000 0.000000 0.000000 0.000000
498 -0.898711 -1.338885 0.500000 1.000000 0.000000 0.000000 0.000000
499 -0.897504 -1.338562 0.500000 1.000000 0.000000 0.000000 0.000000
500 -0.896296 -1.338238 0.500000 1.000000 0.000000 0.000000 0.000000
501 -0.895089 -1.337915 0.500000 1.000000 0.000000 0.000000 0.000000
502 -0.893882 -1.337591 0.500000 1.000000 0.000000 0.000000 0.000000
503 -0.892674 -1.337268 0.500000 1.000000 0.000000 0.000000 0.000000
504 -0.891467 -1.336944 0.500000 1.000000 0.000000 0.000000 0.000000
505 -0.890259 -1.336620 0.500000 1.000000 0.000000 0.000000 0.000000
506 -0.889052 -1.336297 0.500000 1.000000 0.000000 0.000000 0.000000
507 -0.887845 -1.335973 0.500000 1.000000 0.000000 0.000000 0.000000
508 -0.886637 -1.335650 0.500000 1.000000 0.000000 0.000000 0.000000
509 -0.885430 -1.335326 0.500000 1.000000 0.000000 0.000000 0.000000
510 -0.884222 -1.335003 0.500000 1.000000 0.000000 0.000000 0.000000
511 -0.883015 -1.334679 0.500000 1.000000 0.000000 0.000000 0.000000
512 -0.881807 -1.334356 0.500000 1.000000 0.000000 0.000000 0.000000
513 -0.880600 -1.334032 0.500000 1.000000 0.000000 0.000000 0.000000
514 -0.879393 -1.333709 0.500000 1.000000 0.000000 0.000000 0.000000
515 -0.878185 -1.333385 0.500000 1.000000 0.000000 0.000000 0.000000
516 -0.876978 -1.333062 0.500000 1.000000 0.000000 0.000000 0.000000
517 -0.875770 -1.332738 0.500000 1.000000 0.000000 0.000000 0.000000
518 -0.874563 -1.332415 0.500000 1.000000 0.000000 0.000000 0.000000
519 -0.873356 -1.332091 0.500000 1.000000 0.000000 0.000000 0.000000
520 -0.872148 -1.331768 0.500000 1.000000 0.000000 0.000000 0.000000
521 -0.870941 -1.331444 0.500000 1.000000 0.000000 0.000000 0.000000
522 -0.869733 -1.331121 0.500000 1.000000 0.000000 0.000000 0.000000
523 -0.868526 -1.330797 0.500000 1.000000 0.000000 0.000000 0.000000
524 -0.867319 -1.330474 0.500000 1.000000 0.000000 0.000000 0.000000
525 -0.866111 -1.330150 0.500000 1.000000 0.000000 0.000000 0.000000
526 -0.864904 -1.329826 0.500000 1.000000 0.000000 0.000000 0.000000
527 -0.863696 -1.329503 0.500000 1.000000 0.000000 0.000000 0.000000
528 -0.862489 -1.329179 0.500000 1.000000 0.000000 0.000000 0.000000
529 -0.861282 -1.328856 0.500000 1.000000 0.000000 0.000000 0.000000
530 -0.860074 -1.328532 0.500000 1.000000 0.000000 0.000000 0.000000
531 -0.858867 -1.328209 0.500000 1.000000 0.000000 0.000000 0.000000
532 -0.857659 -1.327885 0.500000 1.000000 0.000000 0.000000 0.000000
533 -0.856452 -1.327562 0.500000 1.000000 0.000000 0.000000 0.000000
534 -0.855245 -1.327238 0.500000 1.000000 0.000000 0.000000 0.000000
535 -0.854037 -1.326915 0.500000 1.000000 0.000000 0.000000 0.000000
536 -0.852830 -1.326591 0.500000 1.000000 0.000000 0.000000 0.000000
537 -0.851622 -1.326268 0.500000 1.000000 0.000000 0.000000 0.000000
538 -0.850415 -1.325944 0.500000 1.000000 0.000000 0.000000 0.000000
539 -0.849207 -1.325621 0.500000 1.000000 0.000000 0.000000 0.000000
540 -0.848000 -1.325297 0.500000 1.000000 0.000000 0.000000 0.000000
541 -0.846793 -1.324974 0.500000 1.000000 0.000000 0.000000 0.000000
542 -0.845585 -1.324650 0.500000 1.000000 0.000000 0.000000 0.000000
543 -0.844378 -1.324327 0.500000 1.000000 0.000000 0.000000 0.000000
544 -0.843170 -1.324003 0.500000 1.000000 0.000000 0.000000 0.000000
545 -0.841963 -1.323680 0.500000 1.000000 0.000000 0.000000 0.000000
546 -0.840756 -1.323356 0.500000 1.000000 0.000000 0.000000 0.000000
547 -0.839548 -1.323032 0.500000 1.000000 0.000000 0.000000 0.000000
548 -0.838341 -1.322709 0.500000 1.000000 0.000000 0.000000 0.000000
549 -0.837133 -1.322385 0.500000 1.000000 0.000000 0.000000 0.000000
550 -0.835926 -1.322062 0.500000 1.000000 0.000000 0.000000 0.000000
551 -0.834719 -1.321738 0.500000 1.000000 0.000000 0.000000 0.000000
552 -0.833511 -1.321415 0.500000 1.000000 0.000000 0.000000 0.000000
553 -0.832304 -1.321091 0.500000 1.000000 0.000000 0.000000 0.000000
554 -0.831096 -1.320768 0.500000 1.000000 0.000000 0.000000 0.000000
555 -0.829889 -1.320444 0.500000 1.000000 0.000000 0.000000 0.000000
556 -0.828682 -1.320121 0.500000 1.000000 0.000000 0.000000 0.000000
557 -0.827474 -1.319797 0.500000 1.000000 0.000000 0.000000 0.000000
558 -0.826267 -1.319474 0.500000 1.000000 0.000000 0.000000 0.000000
559 -0.825059 -1.319150 0.500000 1.000000 0.000000 0.000000 0.000000
560 -0.823852 -1.318827 0.500000 1.000000 0.000000 0.000000 0.000000
561 -0.822645 -1.318503 0.500000 1.000000 0.000000 0.000000 0.000000
562 -0.821437 -1.318180 0.500000 1.000000 0.000000 0.000000 0.000000
563 -0.820230 -1.317856 0.500000 1.000000 0.000000 0.000000 0.000000
564 -0.819022 -1.317533 0.500000 1.000000 0.000000 0.000000 0.000000
565 -0.817815 -1.317209 0.500000 1.000000 0.000000 0.000000 0.000000
566 -0.816607 -1.316886 0.500000 1.000000 0.000000 0.000000 0.000000
567 -0.815400 -1.316562 0.500000 1.000000 0.000000 0.000000 0.000000
568 -0.814193 -1.316238 0.500000 1.000000 0.000000 0.000000 0.000000
569 -0.812985 -1.315915 0.500000 1.000000 0.000000 0.000000 0.000000
570 -0.811778 -1.315591 0.500000 1.000000 0.000000 0.000000 0.000000
571 -0.810570 -1.315268 0.500000 1.000000 0.000000 0.000000 0.000000
572 -0.809363 -1.314944 0.500000 1.000000 0.000000 0.000000 0.000000
573 -0.808156 -1.314621 0.500000 1.000000 0.000000 0.000000 0.000000
574 -0.806948 -1.314297 0.500000 1.000000 0.000000 0.000000 0.000000
575 -0.805741 -1.313974 0.500000 1.000000 0.000000 0.000000 0.000000
576 -0.804533 -1.313650 0.500000 1.000000 0.000000 0.000000 0.000000
577 -0.803326 -1.313327 0.500000 1.000000 0.000000 0.000000 0.000000
578 -0.802119 -1.313003 0.500000 1.000000 0.000000 0.000000 0.000000
579 -0.800911 -1.312680 0.500000 1.000000 0.000000 0.000000 0.000000
580 -0.799704 -1.312356 0.500000 1.000000 0.000000 0.000000 0.000000
581 -0.798496 -1.312033 0.500000 1.000000 0.000000 0.000000 0.000000
582 -0.797289 -1.311709 0.500000 1.000000 0.000000 0.000000 0.000000
583 -0.796082 -1.311386 0.500000 1.000000 0.000000 0.000000 0.000000
584 -0.794874 -1.311062 0.500000 1.000000 0.000000 0.000000 0.000000
585 -0.793667 -1.310739 0.500000 1.000000 0.000000 0.000000 0.000000
586 -0.792459 -1.310415 0.500000 1.000000 0.000000 0.000000 0.000000
587 -0.791252 -1.310092 0.500000 1.000000 0.000000 0.000000 0.000000
588 -0.790045 -1.309768 0.500000 1.000000 0.000000 0.000000 0.000000
589 -0.788837 -1.309444 0.500000 1.000000 0.000000 0.000000 0.000000
590 -0.787630 -1.309121 0.500000 1.000000 0.000000 0.000000 0.000000
591 -0.786422 -1.308797 0.500000 1.000000 0.000000 0.000000 0.000000
592 -0.785215 -1.308474 0.500000 1.000000 0.000000 0.000000 0.000000
593 -0.784007 -1.308150 0.500000 1.000000 0.000000 0.000000 0.000000
594 -0.782800 -1.307827 0.500000 1.000000 0.000000 0.000000 0.000000
595 -0.781593 -1.307503 0.500000 1.000000 0.000000 0.000000 0.000000
596 -0.780385 -1.307180 0.500000 1.000000 0.000000 0.000000 0.000000
597 -0.779178 -1.306856 0.500000 1.000000 0.000000 0.000000 0.000000
598 -0.777970 -1.306533 0.500000 1.000000 0.000000 0.000000 0.000000
599 -0.776763 -1.306209 0.500000 1.000000 0.000000 0.000000 0.000000
600 -0.775556 -1.305886 0.500000 1.000000 0.000000 0.000000 0.000000
601 -0.774348 -1.305562 0.500000 1.000000 0.000000 0.000000 0.000000
602 -0.773141 -1.305239 0.500000 1.000000 0.000000 0.000000 0.000000
603 -0.771933 -1.304915 0.500000 1.000000 0.000000 0.000000 0.000000
604 -0.770726 -1.304592 0.500000 1.000000 0.000000 0.000000 0.000000
605 -0.769519 -1.304268 0.500000 1.000000 0.000000 0.000000 0.000000
606 -0.768311 -1.303945 0.500000 1.000000 0.000000 0.000000 0.000000
607 -0.767104 -1.303621 0.500000 1.000000 0.000000 0.000000 0.000000
608 -0.765896 -1.303298 0.500000 1.000000 0.000000 0.000000 0.000000
609 -0.764689 -1.302974 0.500000 1.000000 0.000000 0.000000 0.000000
610 -0.763482 -1.302650 0.500000 1.000000 0.000000 0.000000 0.000000
611 -0.762274 -1.302327 0.500000 1.000000 0.000000 0.000000 0.000000
612 -0.761067 -1.302003 0.500000 1.000000 0.000000 0.000000 0.000000
613 -0.759859 -1.301680 0.500000 1.000000 0.000000 0.000000 0.000000
614 -0.758652 -1.301356 0.500000 1.000000 0.000000 0.000000 0.000000
615 -0.757445 -1.301033 0.500000 1.000000 0.000000 0.000000 0.000000
616 -0.756237 -1.300709 0.500000 1.000000 0.000000 0.000000 0.000000
617 -0.755030 -1.300386 0.500000 1.000000 0.000000 0.000000 0.000000
618 -0.753822 -1.300062 0.500000 1.000000 0.000000 0.000000 0.000000
619 -0.752615 -1.299739 0.500000 1.000000 0.000000 0.000000 0.000000
620 -0.751407 -1.299415 0.500000 1.000000 0.000000 0.000000 0.000000
621 -0.750200 -1.299092 0.500000 1.000000 0.000000 0.000000 0.000000
622 -0.748993 -1.298768 0.500000 1.000000 0.000000 0.000000 0.000000
623 -0.747785 -1.298445 0.500000 1.000000 0.000000 0.000000 0.000000
624 -0.746578 -1.298121 0.500000 1.000000 0.000000 0.000000 0.000000
625 -0.745370 -1.297798 0.500000 1.000000 0.000000 0.000000 0.000000
626 -0.744163 -1.297474 0.500000 1.000000 0.000000 0.000000 0.000000
627 -0.742956 -1.297151 0.500000 1.000000 0.000000 0.000000 0.000000
628 -0.741748 -1.296827 0.500000 1.000000 0.000000 0.000000 0.000000
629 -0.740541 -1.296504 0.500000 1.000000 0.000000 0.000000 0.000000
630 -0.739333 -1.296180 0.500000 1.000000 0.000000 0.000000 0.000000
631 -0.738126 -1.295856 0.500000 1.000000 0.000000 0.000000 0.000000
632 -0.736919 -1.295533 0.500000 1.000000 0.000000 0.000000 0.000000
633 -0.735711 -1.295209 0.500000 1.000000 0.000000 0.000000 0.000000
634 -0.734504 -1.294886 0.500000 1.000000 0.000000 0.000000 0.000000
635 -0.733296 -1.294562 0.500000 1.000000 0.000000 0.000000 0.000000
636 -0.732089 -1.294239 0.500000 1.000000 0.000000 0.000000 0.000000
637 -0.730882 -1.293915 0.500000 1.000000 0.000000 0.000000 0.000000
638 -0.729674 -1.293592 0.500000 1.000000 0.000000 0.000000 0.000000
639 -0.728467 -1.293268 0.500000 1.000000 0.000000 0.000000 0.000000
640 -0.727259 -1.292945 0.500000 1.000000 0.000000 0.000000 0.000000
641 -0.726052 -1.292621 0.500000 1.000000 0.000000 0.000000 0.000000
642 -0.724845 -1.292298 0.500000 1.000000 0.000000 0.000000 0.000000
643 -0.723637 -1.291974 0.500000 1.000000 0.000000 0.000000 0.000000
644 -0.722430 -1.291651 0.500000 1.000000 0.000000 0.000000 0.000000
645 -0.721222 -1.291327 0.500000 1.000000 0.000000 0.000000 0.000000
646 -0.720015 -1.291004 0.500000 1.000000 0.000000 0.000000 0.000000
647 -0.718807 -1.290680 0.500000 1.000000 0.000000 0.000000 0.000000
648 -0.717600 -1.290357 0.500000 1.000000 0.000000 0.000000 0.000000
649 -0.716393 -1.290033 0.500000 1.000000 0.000000 0.000000 0.000000
650 -0.715185 -1.289710 0.500000 1.000000 0.000000 0.000000 0.000000
651 -0.713978 -1.289386 0.500000 1.000000 0.000000 0.000000 0.000000
652 -0.712770 -1.289062 0.500000 1.000000 0.000000 0.000000 0.000000
653 -0.711563 -1.288739 0.500000 1.000000 0.000000 0.000000 0.000000
654 -0.710356 -1.288415 0.500000 1.000000 0.000000 0.000000 0.000000
655 -0.709148 -1.288092 0.500000 1.000000 0.000000 0.000000 0.000000
656 -0.707941 -1.287768 0.500000 1.000000 0.000000 0.000000 0.000000
657 -0.706733 -1.287445 0.500000 1.000000 0.000000 0.000000 0.000000
658 -0.705526 -1.287121 0.500000 1.000000 0.000000 0.000000 0.000000
659 -0.704319 -1.286798 0.500000 1.000000 0.000000 0.000000 0.000000
660 -0.703111 -1.286474 0.500000 1.000000 0.000000 0.000000 0.000000
661 -0.701904 -1.286151 0.500000 1.000000 0.000000 0.000000 0.000000
662 -0.700696 -1.285827 0.500000 1.000000 0.000000 0.000000 0.000000
663 -0.699489 -1.285504 0.500000 1.000000 0.000000 0.000000 0.000000
664 -0.698282 -1.285180 0.500000 1.000000 0.000000 0.000000 0.000000
665 -0.697074 -1.284857 0.500000 1.000000 0.000000 0.000000 0.000000
666 -0.695867 -1.284533 0.500000 1.000000 0.000000 0.000000 0.000000
667 -0.694659 -1.284210 0.500000 1.000000 0.000000 0.000000 0.000000
668 -0.693452 -1.283886 0.500000 1.000000 0.000000 0.000000 0.000000
669 -0.692245 -1.283563 0.500000 1.000000 0.000000 0.000000 0.000000
670 -0.691037 -1.283239 0.500000 1.000000 0.000000 0.000000 0.000000
671 -0.689830 -1.282916 0.500000 1.000000 0.000000 0.000000 0.000000
672 -0.688622 -1.282592 0.500000 1.000000 0.000000 0.000000 0.000000
673 -0.687415 -1.282268 0.500000 1.000000 0.000000 0.000000 0.000000
674 -0.686207 -1.281945 0.500000 1.000000 0.000000 0.000000 0.000000
675 -0.685000 -1.281621 0.500000 1.000000 0.000000 0.000000 0.000000
676 -0.683793 -1.281298 0.500000 1.000000 0.000000 0.000000 0.000000
677 -0.682585 -1.280974 0.500000 1.000000 0.000000 0.000000 0.000000
678 -0.681378 -1.280651 0.500000 1.000000 0.000000 0.000000 0.000000
679 -0.680170 -1.280327 0.500000 1.000000 0.000000 0.000000 0.000000
680 -0.678963 -1.280004 0.500000 1.000000 0.000000 0.000000 0.000000
681 -0.677756 -1.279680 0.500000 1.000000 0.000000 0.000000 0.000000
682 -0.676548 -1.279357 0.500000 1.000000 0.000000 0.000000 0.000000
683 -0.675341 -1.279033 0.500000 1.000000 0.000000 0.000000 0.000000
684 -0.674133 -1.278710 0.500000 1.000000 0.000000 0.000000 0.000000
685 -0.672926 -1.278386 0.500000 1.000000 0.000000 0.000000 0.000000
686 -0.671719 -1.278063 0.500000 1.000000 0.000000 0.000000 0.000000
687 -0.670511 -1.277739 0.500000 1.000000 0.000000 0.000000 0.000000
688 -0.669304 -1.277416 0.500000 1.000000 0.000000 0.000000 0.000000
689 -0.668096 -1.277092 0.500000 1.000000 0.000000 0.000000 0.000000
690 -0.666889 -1.276769 0.500000 1.000000 0.000000 0.000000 0.000000
691 -0.665682 -1.276445 0.500000 1.000000 0.000000 0.000000 0.000000
692 -0.664474 -1.276122 0.500000 1.000000 0.000000 0.000000 0.000000
693 -0.663267 -1.275798 0.500000 1.000000 0.000000 0.000000 0.000000
694 -0.662059 -1.275474 0.500000 1.000000 0.000000 0.000000 0.000000
695 -0.660852 -1.275151 0.500000 1.000000 0.000000 0.000000 0.000000
696 -0.659645 -1.274827 0.500000 1.000000 0.000000 0.000000 0.000000
697 -0.658437 -1.274504 0.500000 1.000000 0.000000 0.000000 0.000000
698 -0.657230 -1.274180 0.500000 1.000000 0.000000 0.000000 0.000000
699 -0.656022 -1.273857 0.500000 1.000000 0.000000 0.000000 0.000000
700 -0.654815 -1.273533 0.500000 1.000000 0.000000 0.000000 0.000000
701 -0.653607 -1.273210 0.500000 1.000000 0.000000 0.000000 0.000000
702 -0.652400 -1.272886 0.500000 1.000000 0.000000 0.000000 0.000000
703 -0.651193 -1.272563 0.500000 1.000000 0.000000 0.000000 0.000000
704 -0.649985 -1.272239 0.500000 1.000000 0.000000 0.000000 0.000000
705 -0.648778 -1.271916 0.500000 1.000000 0.000000 0.000000 0.000000
706 -0.647570 -1.271592 0.500000 1.000000 0.000000 0.000000 0.000000
707 -0.646363 -1.271269 0.500000 1.000000 0.000000 0.000000 0.000000
708 -0.645156 -1.270945 0.500000 1.000000 0.000000 0.000000 0.000000
709 -0.643948 -1.270622 0.500000 1.000000 0.000000 0.000000 0.000000
710 -0.642741 -1.270298 0.500000 1.000000 0.000000 0.000000 0.000000
711 -0.641533 -1.269975 0.500000 1.000000 0.000000 0.000000 0.000000
712 -0.640326 -1.269651 0.500000 1.000000 0.000000 0.000000 0.000000
713 -0.639119 -1.269328 0.500000 1.000000 0.000000 0.000000 0.000000
714 -0.637911 -1.269004 0.500000 1.000000 0.000000 0.000000 0.000000
715 -0.636704 -1.268680 0.500000 1.000000 0.000000 0.000000 0.000000
716 -0.635496 -1.268357 0.500000 1.000000 0.000000 0.000000 0.000000
717 -0.634289 -1.268033 0.500000 1.000000 0.000000 0.000000 0.000000
718 -0.633082 -1.267710 0.500000 1.000000 0.000000 0.000000 0.000000
719 -0.631874 -1.267386 0.500000 1.000000 0.000000 0.000000 0.000000
720 -0.630667 -1.267063 0.500000 1.000000 0.000000 0.000000 0.000000
721 -0.629459 -1.266739 0.500000 1.000000 0.000000 0.000000 0.000000
722 -0.628252 -1.266416 0.500000 1.000000 0.000000 0.000000 0.000000
723 -0.627045 -1.266092 0.500000 1.000000 0.000000 0.000000 0.000000
724 -0.625837 -1.265769 0.500000 1.000000 0.000000 0.000000 0.000000
725 -0.624630 -1.265445 0.500000 1.000000 0.000000 0.000000 0.000000
726 -0.623422 -1.265122 0.500000 1.000000 0.000000 0.000000 0.000000
727 -0.622215 -1.264798 0.500000 1.000000 0.000000 0.000000 0.000000
728 -0.621007 -1.264475 0.500000 1.000000 0.000000 0.000000 0.000000
729 -0.619800 -1.264151 0.500000 1.000000 0.000000 0.000000 0.000000
730 -0.618593 -1.263828 0.500000 1.000000 0.000000 0.000000 0.000000
731 -0.617385 -1.263504 0.500000 1.000000 0.000000 0.000000 0.000000
732 -0.616178 -1.263181 0.500000 1.000000 0.000000 0.000000 0.000000
733 -0.614970 -1.262857 0.500000 1.000000 0.000000 0.000000 0.000000
734 -0.613763 -1.262534 0.500000 1.000000 0.000000 0.000000 0.000000
735 -0.612556 -1.262210 0.500000 1.000000 0.000000 0.000000 0.000000
736 -0.611348 -1.261886 0.500000 1.000000 0.000000 0.000000 0.000000
737 -0.610141 -1.261563 0.500000 1.000000 0.000000 0.000000 0.000000
738 -0.608933 -1.261239 0.500000 1.000000 0.000000 0.000000 0.000000
739 -0.607726 -1.260916 0.500000 1.000000 0.000000 0.000000 0.000000
740 -0.606519 -1.260592 0.500000 1.000000 0.000000 0.000000 0.000000
741 -0.605311 -1.260269 0.500000 1.000000 0.000000 0.000000 0.000000
742 -0.604104 -1.259945 0.500000 1.000000 0.000000 0.000000 0.000000
743 -0.602896 -1.259622 0.500000 1.000000 0.000000 0.000000 0.000000
744 -0.601689 -1.259298 0.500000 1.000000 0.000000 0.000000 0.000000
745 -0.600482 -1.258975 0.500000 1.000000 0.000000 0.000000 0.000000
746 -0.599274 -1.258651 0.500000 1.000000 0.000000 0.000000 0.000000
747 -0.598067 -1.258328 0.500000 1.000000 0.000000 0.000000 0.000000
748 -0.596859 -1.258004 0.500000 1.000000 0.000000 0.000000 0.000000
749 -0.595652 -1.257681 0.500000 1.000000 0.000000 0.000000 0.000000
750 -0.594445 -1.257357 0.500000 1.000000 0.000000 0.000000 0.000000
751 -0.593237 -1.257034 0.500000 1.000000 0.000000 0.000000 0.000000
752 -0.592030 -1.256710 0.500000 1.000000 0.000000 0.000000 0.000000
753 -0.590822 -1.256387 0.500000 1.000000 0.000000 0.000000 0.000000
754 -0.589615 -1.256063 0.500000 1.000000 0.000000 0.000000 0.000000
755 -0.588408 -1.255740 0.500000 1.000000 0.000000 0.000000 0.000000
756 -0.587200 -1.255416 0.500000 1.000000 0.000000 0.000000 0.000000
757 -0.585993 -1.255092 0.500000 1.000000 0.000000 0.000000 0.000000
758 -0.584785 -1.254769 0.500000 1.000000 0.000000 0.000000 0.000000
759 -0.583578 -1.254445 0.500000 1.000000 0.000000 0.000000 0.000000
760 -0.582370 -1.254122 0.500000 1.000000 0.000000 0.000000 0.000000
761 -0.581163 -1.253798 0.500000 1.000000 0.000000 0.000000 0.000000
762 -0.579956 -1.253475 0.500000 1.000000 0.000000 0.000000 0.000000
763 -0.578748 -1.253151 0.500000 1.000000 0.000000 0.000000 0.000000
764 -0.577541 -1.252828 0.500000 1.000000 0.000000 0.000000 0.000000
765 -0.576333 -1.252504 0.500000 1.000000 0.000000 0.000000 0.000000
766 -0.575126 -1.252181 0.500000 1.000000 0.000000 0.000000 0.000000
767 -0.573919 -1.251857 0.500000 1.000000 0.000000 0.000000 0.000000
768 -0.572711 -1.251534 0.500000 1.000000 0.000000 0.000000 0.000000
769 -0.571504 -1.251210 0.500000 1.000000 0.000000 0.000000 0.000000
770 -0.570296 -1.250887 0.500000 1.000000 0.000000 0.000000 0.000000
771 -0.569089 -1.250563 0.500000 1.000000 0.000000 0.000000 0.000000
772 -0.567882 -1.250240 0.500000 1.000000 0.000000 0.000000 0.000000
773 -0.566674 -1.249916 0.500000 1.000000 0.000000 0.000000 0.000000
774 -0.565467 -1.249593 0.500000 1.000000 0.000000 0.000000 0.000000
775 -0.564259 -1.249269 0.500000 1.000000 0.000000 0.000000 0.000000
776 -0.563052 -1.248946 0.500000 1.000000 0.000000 0.000000 0.000000
777 -0.561845 -1.248622 0.500000 1.000000 0.000000 0.000000 0.000000
778 -0.560637 -1.248298 0.500000 1.000000 0.000000 0.000000 0.000000
779 -0.559430 -1.247975 0.500000 1.000000 0.000000 0.000000 0.000000
780 -0.558222 -1.247651 0.500000 1.000000 0.000000 0.000000 0.000000
781 -0.557015 -1.247328 0.500000 1.000000 0.000000 0.000000 0.000000
782 -0.555808 -1.247004 0.500000 1.000000 0.000000 0.000000 0.000000
783 -0.554600 -1.246681 0.500000 1.000000 0.000000 0.000000 0.000000
784 -0.553393 -1.246357 0.500000 1.000000 0.000000 0.000000 0.000000
785 -0.552185 -1.246034 0.500000 1.000000 0.000000 0.000000 0.000000
786 -0.550978 -1.245710 0.500000 1.000000 0.000000 0.000000 0.000000
787 -0.549770 -1.245387 0.500000 1.000000 0.000000 0.000000 0.000000
788 -0.548563 -1.245063 0.500000 1.000000 0.000000 0.000000 0.000000
789 -0.547356 -1.244740 0.500000 1.000000 0.000000 0.000000 0.000000
790 -0.546148 -1.244416 0.500000 1.000000 0.000000 0.000000 0.000000
791 -0.544941 -1.244093 0.500000 1.000000 0.000000 0.000000 0.000000
792 -0.543733 -1.243769 0.500000 1.000000 0.000000 0.000000 0.000000
793 -0.542526 -1.243446 0.500000 1.000000 0.000000 0.000000 0.000000
794 -0.541319 -1.243122 0.500000 1.000000 0.000000 0.000000 0.000000
795 -0.540111 -1.242799 0.500000 1.000000 0.000000 0.000000 0.000000
796 -0.538904 -1.242475 0.500000 1.000000 0.000000 0.000000 0.000000
797 -0.537696 -1.242152 0.500000 1.000000 0.000000 0.000000 0.000000
798 -0.536489 -1.241828 0.500000 1.000000 0.000000 0.000000 0.000000
799 -0.535282 -1.241504 0.500000 1.000000 0.000000 0.000000 0.000000
800 -0.534074 -1.241181 0.500000 1.000000 0.000000 0.000000 0.000000
801 -0.532867 -1.240857 0.500000 1.000000 0.000000 0.000000 0.000000
802 -0.531659 -1.240534 0.500000 1.000000 0.000000 0.000000 0.000000
803 -0.530452 -1.240210 0.500000 1.000000 0.000000 0.000000 0.000000
804 -0.529245 -1.239887 0.500000 1.000000 0.000000 0.000000 0.000000
805 -0.528037 -1.239563 0.500000 1.000000 0.000000 0.000000 0.000000
806 -0.526830 -1.239240 0.500000 1.000000 0.000000 0.000000 0.000000
807 -0.525622 -1.238916 0.500000 1.000000 0.000000 0.000000 0.000000
808 -0.524415 -1.238593 0.500000 1.000000 0.000000 0.000000 0.000000
809 -0.523208 -1.238269 0.500000 1.000000 0.000000 0.000000 0.000000
810 -0.522000 -1.237946 0.500000 1.000000 0.000000 0.000000 0.000000
811 -0.520793 -1.237622 0.500000 1.000000 0.000000 0.000000 0.000000
812 -0.519585 -1.237299 0.500000 1.000000 0.000000 0.000000 0.000000
813 -0.518378 -1.236975 0.500000 1.000000 0.000000 0.000000 0.000000
814 -0.517170 -1.236652 0.500000 1.000000 0.000000 0.000000 0.000000
815 -0.515963 -1.236328 0.500000 1.000000 0.000000 0.000000 0.000000
816 -0.514756 -1.236005 0.500000 1.000000 0.000000 0.000000 0.000000
817 -0.513548 -1.235681 0.500000 1.000000 0.000000 0.000000 0.000000
818 -0.512341 -1.235358 0.500000 1.000000 0.000000 0.000000 0.000000
819 -0.511133 -1.235034 0.500000 1.000000 0.000000 0.000000 0.000000
820 -0.509926 -1.234710 0.500000 1.000000 0.000000 0.000000 0.000000
821 -0.508719 -1.234387 0.500000 1.000000 0.000000 0.000000 0.000000
822 -0.507511 -1.234063 0.500000 1.000000 0.000000 0.000000 0.000000
823 -0.506304 -1.233740 0.500000 1.000000 0.000000 0.000000 0.000000
824 -0.505096 -1.233416 0.500000 1.000000 0.000000 0.000000 0.000000
825 -0.503889 -1.233093 0.500000 1.000000 0.000000 0.000000 0.000000
826 -0.502682 -1.232769 0.500000 1.000000 0.000000 0.000000 0.000000
827 -0.501474 -1.232446 0.500000 1.000000 0.000000 0.000000 0.000000
828 -0.500267 -1.232122 0.500000 1.000000 0.000000 0.000000 0.000000
829 -0.499059 -1.231799 0.500000 1.000000 0.000000 0.000000 0.000000
830 -0.497852 -1.231475 0.500000 1.000000 0.000000 0.000000 0.000000
831 -0.496645 -1.231152 0.500000 1.000000 0.000000 0.000000 0.000000
832 -0.495437 -1.230828 0.500000 1.000000 0.000000 0.000000 0.000000
833 -0.494230 -1.230505 0.500000 1.000000 0.000000 0.000000 0.000000
834 -0.493022 -1.230181 0.500000 1.000000 0.000000 0.000000 0.000000
835 -0.491815 -1.229858 0.500000 1.000000 0.000000 0.000000 0.000000
836 -0.490608 -1.229534 0.500000 1.000000 0.000000 0.000000 0.000000
837 -0.489400 -1.229211 0.500000 1.000000 0.000000 0.000000 0.000000
838 -0.488193 -1.228887 0.500000 1.000000 0.000000 0.000000 0.000000
839 -0.486985 -1.228564 0.500000 1.000000 0.000000 0.000000 0.000000
840 -0.485778 -1.228240 0.500000 1.000000 0.000000 0.000000 0.000000
841 -0.484570 -1.227916 0.500000 1.000000 0.000000 0.000000 0.000000
842 -0.483363 -1.227593 0.500000 1.000000 0.000000 0.000000 0.000000
843 -0.482156 -1.227269 0.500000 1.000000 0.000000 0.000000 0.000000
844 -0.480948 -1.226946 0.500000 1.000000 0.000000 0.000000 0.000000
845 -0.479741 -1.226622 0.500000 1.000000 0.000000 0.000000 0.000000
846 -0.478533 -1.226299 0.500000 1.000000 0.000000 0.000000 0.000000
847 -0.477326 -1.225975 0.500000 1.000000 0.000000 0.000000 0.000000
848 -0.476119 -1.225652 0.500000 1.000000 0.000000 0.000000 0.000000
849 -0.474911 -1.225328 0.500000 1.000000 0.000000 0.000000 0.000000
850 -0.473704 -1.225005 0.500000 1.000000 0.000000 0.000000 0.000000
851 -0.472496 -1.224681 0.500000 1.000000 0.000000 0.000000 0.000000
852 -0.471289 -1.224358 0.500000 1.000000 0.000000 0.000000 0.000000
853 -0.470082 -1.224034 0.500000 1.000000 0.000000 0.000000 0.000000
854 -0.468874 -1.223711 0.500000 1.000000 0.000000 0.000000 0.000000
855 -0.467667 -1.223387 0.500000 1.000000 0.000000 0.000000 0.000000
856 -0.466459 -1.223064 0.500000 1.000000 0.000000 0.000000 0.000000
857 -0.465252 -1.222740 0.500000 1.000000 0.000000 0.000000 0.000000
858 -0.464045 -1.222417 0.500000 1.000000 0.000000 0.000000 0.000000
859 -0.462837 -1.222093 0.500000 1.000000 0.000000 0.000000 0.000000
860 -0.461630 -1.221770 0.500000 1.000000 0.000000 0.000000 0.000000
861 -0.460422 -1.221446 0.500000 1.000000 0.000000 0.000000 0.000000
862 -0.459215 -1.221122 0.500000 1.000000 0.000000 0.000000 0.000000
863 -0.458008 -1.220799 0.500000 1.000000 0.000000 0.000000 0.000000
864 -0.456800 -1.220475 0.500000 1.000000 0.000000 0.000000 0.000000
865 -0.455593 -1.220152 0.500000 1.000000 0.000000 0.000000 0.000000
866 -0.454385 -1.219828 0.500000 1.000000 0.000000 0.000000 0.000000
867 -0.453178 -1.219505 0.500000 1.000000 0.000000 0.000000 0.000000
868 -0.451970 -1.219181 0.500000 1.000000 0.000000 0.000000 0.000000
869 -0.450763 -1.218858 0.500000 1.000000 0.000000 0.000000 0.000000
870 -0.449556 -1.218534 0.500000 1.000000 0.000000 0.000000 0.000000
871 -0.448348 -1.218211 0.500000 1.000000 0.000000 0.000000 0.000000
872 -0.447141 -1.217887 0.500000 1.000000 0.000000 0.000000 0.000000
873 -0.445933 -1.217564 0.500000 1.000000 0.000000 0.000000 0.000000
874 -0.444726 -1.217240 0.500000 1.000000 0.000000 0.000000 0.000000
875 -0.443519 -1.216917 0.500000 1.000000 0.000000 0.000000 0.000000
876 -0.442311 -1.216593 0.500000 1.000000 0.000000 0.000000 0.000000
877 -0.441104 -1.216270 0.500000 1.000000 0.000000 0.000000 0.000000
878 -0.439896 -1.215946 0.500000 1.000000 0.000000 0.000000 0.000000
879 -0.438689 -1.215623 0.500000 1.000000 0.000000 0.000000 0.000000
880 -0.437482 -1.215299 0.500000 1.000000 0.000000 0.000000 0.000000
881 -0.436274 -1.214976 0.500000 1.000000 0.000000 0.000000 0.000000
882 -0.435067 -1.214652 0.500000 1.000000 0.000000 0.000000 0.000000
883 -0.433859 -1.214328 0.500000 1.000000 0.000000 0.000000 0.000000
884 -0.432652 -1.214005 0.500000 1.000000 0.000000 0.000000 0.000000
885 -0.431445 -1.213681 0.500000 1.000000 0.000000 0.000000 0.000000
886 -0.430237 -1.213358 0.500000 1.000000 0.000000 0.000000 0.000000
887 -0.429030 -1.213034 0.500000 1.000000 0.000000 0.000000 0.000000
888 -0.427822 -1.212711 0.500000 1.000000 0.000000 0.000000 0.000000
889 -0.426615 -1.212387 0.500000 1.000000 0.000000 0.000000 0.000000
890 -0.425408 -1.212064 0.500000 1.000000 0.000000 0.000000 0.000000
891 -0.424200 -1.211740 0.500000 1.000000 0.000000 0.000000 0.000000
892 -0.422993 -1.211417 0.500000 1.000000 0.000000 0.000000 0.000000
893 -0.421785 -1.211093 0.500000 1.000000 0.000000 0.000000 0.000000
894 -0.420578 -1.210770 0.500000 1.000000 0.000000 0.000000 0.000000
895 -0.419370 -1.210446 0.500000 1.000000 0.000000 0.000000 0.000000
896 -0.418163 -1.210123 0.500000 1.000000 0.000000 0.000000 0.000000
897 -0.416956 -1.209799 0.500000 1.000000 0.000000 0.000000 0.000000
898 -0.415748 -1.209476 0.500000 1.000000 0.000000 0.000000 0.000000
899 -0.414541 -1.209152 0.500000 1.000000 0.000000 0.000000 0.000000
900 -0.413333 -1.208829 0.500000 1.000000 0.000000 0.000000 0.000000
901 -0.412126 -1.208505 0.500000 1.000000 0.000000 0.000000 0.000000
902 -0.410919 -1.208182 0.500000 1.000000 0.000000 0.000000 0.000000
903 -0.409711 -1.207858 0.500000 1.000000 0.000000 0.000000 0.000000
904 -0.408504 -1.207534 0.500000 1.000000 0.000000 0.000000 0.000000
905 -0.407296 -1.207211 0.500000 1.000000 0.000000 0.000000 0.000000
906 -0.406089 -1.206887 0.500000 1.000000 0.000000 0.000000 0.000000
907 -0.404882 -1.206564 0.500000 1.000000 0.000000 0.000000 0.000000
908 -0.403674 -1.206240 0.500000 1.000000 0.000000 0.000000 0.000000
909 -0.402467 -1.205917 0.500000 1.000000 0.000000 0.000000 0.000000
910 -0.401259 -1.205593 0.500000 1.000000 0.000000 0.000000 0.000000
911 -0.400052 -1.205270 0.500000 1.000000 0.000000 0.000000 0.000000
912 -0.398845 -1.204946 0.500000 1.000000 0.000000 0.000000 0.000000
913 -0.397637 -1.204623 0.500000 1.000000 0.000000 0.000000 0.000000
914 -0.396430 -1.204299 0.500000 1.000000 0.000000 0.000000 0.000000
915 -0.395222 -1.203976 0.500000 1.000000 0.000000 0.000000 0.000000
916 -0.394015 -1.203652 0.500000 1.000000 0.000000 0.000000 0.000000
917 -0.392808 -1.203329 0.500000 1.000000 0.000000 0.000000 0.000000
918 -0.391600 -1.203005 0.500000 1.000000 0.000000 0.000000 0.000000
919 -0.390393 -1.202682 0.500000 1.000000 0.000000 0.000000 0.000000
920 -0.389185 -1.202358 0.500000 1.000000 0.000000 0.000000 0.000000
921 -0.387978 -1.202035 0.500000 1.000000 0.000000 0.000000 0.000000
922 -0.386770 -1.201711 0.500000 1.000000 0.000000 0.000000 0.000000
923 -0.385563 -1.201388 0.500000 1.000000 0.000000 0.000000 0.000000
924 -0.384356 -1.201064 0.500000 1.000000 0.000000 0.000000 0.000000
925 -0.383148 -1.200740 0.500000 1.000000 0.000000 0.000000 0.000000
926 -0.381941 -1.200417 0.500000 1.000000 0.000000 0.000000 0.000000
927 -0.380733 -1.200093 0.500000 1.000000 0.000000 0.000000 0.000000
928 -0.379526 -1.199770 0.500000 1.000000 0.000000 0.000000 0.000000
929 -0.378319 -1.199446 0.500000 1.000000 0.000000 0.000000 0.000000
930 -0.377111 -1.199123 0.500000 1.000000 0.000000 0.000000 0.000000
931 -0.375904 -1.198799 0.500000 1.000000 0.000000 0.000000 0.000000
932 -0.374696 -1.198476 0.500000 1.000000 0.000000 0.000000 0.000000
933 -0.373489 -1.198152 0.500000 1.000000 0.000000 0.000000 0.000000
934 -0.372282 -1.197829 0.500000 1.000000 0.000000 0.000000 0.000000
935 -0.371074 -1.197505 0.500000 1.000000 0.000000 0.000000 0.000000
936 -0.369867 -1.197182 0.500000 1.000000 0.000000 0.000000 0.000000
937 -0.368659 -1.196858 0.500000 1.000000 0.000000 0.000000 0.000000
938 -0.367452 -1.196535 0.500000 1.000000 0.000000 0.000000 0.000000
939 -0.366245 -1.196211 0.500000 1.000000 0.000000 0.000000 0.000000
940 -0.365037 -1.195888 0.500000 1.000000 0.000000 0.000000 0.000000
941 -0.363830 -1.195564 0.500000 1.000000 0.000000 0.000000 0.000000
942 -0.362622 -1.195241 0.500000 1.000000 0.000000 0.000000 0.000000
943 -0.361415 -1.194917 0.500000 1.000000 0.000000 0.000000 0.000000
944 -0.360208 -1.194594 0.500000 1.000000 0.000000 0.000000 0.000000
945 -0.359000 -1.194270 0.500000 1.000000 0.000000 0.000000 0.000000
946 -0.357793 -1.193946 0.500000 1.000000 0.000000 0.000000 0.000000
947 -0.356585 -1.193623 0.500000 1.000000 0.000000 0.000000 0.000000
948 -0.355378 -1.193299 0.500000 1.000000 0.000000 0.000000 0.000000
949 -0.354170 -1.192976 0.500000 1.000000 0.000000 0.000000 0.000000
950 -0.352963 -1.192652 0.500000 1.000000 0.000000 0.000000 0.000000
951 -0.351756 -1.192329 0.500000 1.000000 0.000000 0.000000 0.000000
952 -0.350548 -1.192005 0.500000 1.000000 0.000000 0.000000 0.000000
953 -0.349341 -1.191682 0.500000 1.000000 0.000000 0.000000 0.000000
954 -0.348133 -1.191358 0.500000 1.000000 0.000000 0.000000 0.000000
955 -0.346926 -1.191035 0.500000 1.000000 0.000000 0.000000 0.000000
956 -0.345719 -1.190711 0.500000 1.000000 0.000000 0.000000 0.000000
957 -0.344511 -1.190388 0.500000 1.000000 0.000000 0.000000 0.000000
958 -0.343304 -1.190064 0.500000 1.000000 0.000000 0.000000 0.000000
959 -0.342096 -1.189741 0.500000 1.000000 0.000000 0.000000 0.000000
960 -0.340889 -1.189417 0.500000 1.000000 0.000000 0.000000 0.000000
961 -0.339682 -1.189094 0.500000 1.000000 0.000000 0.000000 0.000000
962 -0.338474 -1.188770 0.500000 1.000000 0.000000 0.000000 0.000000
963 -0.337267 -1.188447 0.500000 1.000000 0.000000 0.000000 0.000000
964 -0.336059 -1.188123 0.500000 1.000000 0.000000 0.000000 0.000000
965 -0.334852 -1.187800 0.500000 1.000000 0.000000 0.000000 0.000000
966 -0.333645 -1.187476 0.500000 1.000000 0.000000 0.000000 0.000000
967 -0.332437 -1.187152 0.500000 1.000000 0.000000 0.000000 0.000000
968 -0.331230 -1.186829 0.500000 1.000000 0.000000 0.000000 0.000000
969 -0.330022 -1.186505 0.500000 1.000000 0.000000 0.000000 0.000000
970 -0.328815 -1.186182 0.500000 1.000000 0.000000 0.000000 0.000000
971 -0.327608 -1.185858 0.500000 1.000000 0.000000 0.000000 0.000000
972 -0.326400 -1.185535 0.500000 1.000000 0.000000 0.000000 0.000000
973 -0.325193 -1.185211 0.500000 1.000000 0.000000 0.000000 0.000000
974 -0.323985 -1.184888 0.500000 1.000000 0.000000 0.000000 0.000000
975 -0.322778 -1.184564 0.500000 1.000000 0.000000 0.000000 0.000000
976 -0.321570 -1.184241 0.500000 1.000000 0.000000 0.000000 0.000000
977 -0.320363 -1.183917 0.500000 1.000000 0.000000 0.000000 0.000000
978 -0.319156 -1.183594 0.500000 1.000000 0.000000 0.000000 0.000000
979 -0.317948 -1.183270 0.500000 1.000000 0.000000 0.000000 0.000000
980 -0.316741 -1.182947 0.500000 1.000000 0.000000 0.000000 0.000000
981 -0.315533 -1.182623 0.500000 1.000000 0.000000 0.000000 0.000000
982 -0.314326 -1.182300 0.500000 1.000000 0.000000 0.000000 0.000000
983 -0.313119 -1.181976 0.500000 1.000000 0.000000 0.000000 0.000000
984 -0.311911 -1.181653 0.500000 1.000000 0.000000 0.000000 0.000000
985 -0.310704 -1.181329 0.500000 1.000000 0.000000 0.000000 0.000000
986 -0.309496 -1.181006 0.500000 1.000000 0.000000 0.000000 0.000000
987 -0.308289 -1.180682 0.500000 1.000000 0.000000 0.000000 0.000000
988 -0.307082 -1.180358 0.500000 1.000000 0.000000 0.000000 0.000000
989 -0.305874 -1.180035 0.500000 1.000000 0.000000 0.000000 0.000000
990 -0.304667 -1.179711 0.500000 1.000000 0.000000 0.000000 0.000000
991 -0.303459 -1.179388 0.500000 1.000000 0.000000 0.000000 0.000000
992 -0.302252 -1.179064 0.500000 1.000000 0.000000 0.000000 0.000000
993 -0.301045 -1.178741 0.500000 1.000000 0.000000 0.000000 0.000000
994 -0.299837 -1.178417 0.500000 1.000000 0.000000 0.000000 0.000000
995 -0.298630 -1.178094 0.500000 1.000000 0.000000 0.000000 0.000000
996 -0.297422 -1.177770 0.500000 1.000000 0.000000 0.000000 0.000000
997 -0.296215 -1.177447 0.500000 1.000000 0.000000 0.000000 0.000000
998 -0.295008 -1.177123 0.500000 1.000000 0.000000 0.000000 0.000000
999 -0.293800 -1.176800 0.500000 1.000000 0.000000 0.000000 0.000000
1000 -0.292593 -1.176476 0.500000 1.000000 0.000000 0.000000 0.000000
